6.065139835825223003e+01
6.284602873234121034e+01
4.027911357512247292e+01
5.321805874926519664e+01
5.455637887490735238e+01
5.856731640381482862e+01
7.776211121762740675e+01
3.287197933305024122e+01
4.775114284926476671e+01
4.272462439714197302e+01
4.641211769761859784e+01
5.986395393443405766e+01
5.699741477867472383e+01
7.183677003858250032e+01
4.634113141568398220e+01
4.440772039061999266e+01
7.726136554475594664e+01
5.665288467132787531e+01
6.023926930283826664e+01
4.584431183933233456e+01
5.220638272712454153e+01
3.778498294028479165e+01
3.627354918717657029e+01
5.677223175336985150e+01
5.200308847538320833e+01
5.088216631987363314e+01
3.184506657022654252e+01
5.842688700288802295e+01
8.562602574539988609e+01
4.199718051393378460e+01
7.700492788014061318e+01
3.337202552962009605e+01
6.393537993849309942e+01
5.653544173164611664e+01
4.935080140015899275e+01
5.753989488775548722e+01
5.427135097479961701e+01
8.820364762313717222e+01
6.013824382848520855e+01
5.590731868294172813e+01
5.331970021223216349e+01
6.948989985969136285e+01
6.084849809537423937e+01
5.701474009144249777e+01
6.593903063298485279e+01
5.182514402479851867e+01
4.925199154062036655e+01
4.498279856538400168e+01
7.267155529264339009e+01
4.531699396583364603e+01
8.909519173016077787e+01
3.018094640991244759e+01
6.578981621759774612e+01
6.995118503345516103e+01
5.661960976546883018e+01
8.364247587742048040e+01
5.363362693393529668e+01
6.105674510205707861e+01
6.059091552247167556e+01
6.881491204039383547e+01
5.809674710668321040e+01
5.701364002406629083e+01
6.190502822789707693e+01
6.525960603287475692e+01
5.477087733133171810e+01
6.196638427931060278e+01
4.836557757515966927e+01
5.568603784425032188e+01
4.654278549512744689e+01
7.569210430733710382e+01
4.369021528582054970e+01
4.480573141058319209e+01
4.856568860621393924e+01
6.164374136802012316e+01
6.110222227916871418e+01
4.253243011493865566e+01
6.481350989932917628e+01
4.793322637282968657e+01
6.050616941202285659e+01
8.281828685961806968e+01
6.086871115373138252e+01
4.885836236762499141e+01
3.291032697532014595e+01
4.705641847535283517e+01
4.954454770364322513e+01
3.436177244292825605e+01
8.387423014059802995e+01
7.487816365595851664e+01
5.592041890912678781e+01
7.540136220976326342e+01
5.006305554115419909e+01
5.260875823151404518e+01
6.696357417274536772e+01
7.099052763267536648e+01
6.999652273051860618e+01
2.552654586297864370e+01
4.372024246526441971e+01
5.331493428600828821e+01
6.165683699691101083e+01
6.059383613475588959e+01
6.556814109970723337e+01
4.666683961713569317e+01
3.394146295492299004e+01
4.185418381532761600e+01
5.659516929712459898e+01
6.964578130500035513e+01
3.715270886370664982e+01
6.584430907817655054e+01
6.480509238661387883e+01
5.771334130807608176e+01
6.111514122863046339e+01
4.531617948725973122e+01
4.159973724126020045e+01
5.436351783820586547e+01
3.780202955772078610e+01
4.986037928050600954e+01
5.351721949965950387e+01
3.158937730738352556e+01
4.109409229411162556e+01
6.224813052223601062e+01
5.041761654667613612e+01
2.662036368104789119e+01
5.013816910060039334e+01
4.955894346868593914e+01
4.900105931303339446e+01
6.764008028449360665e+01
7.377218992499678052e+01
3.642483165686478941e+01
5.046620714750149261e+01
5.598966298406764963e+01
4.999564536816725280e+01
8.803309788369769251e+01
6.578499433952502784e+01
7.304063108260581316e+01
3.684018269033315107e+01
7.597300816754847119e+01
9.693966821717773996e+01
7.106872806845510127e+01
7.093454889897422788e+01
3.553437116111221172e+01
6.058131659112660117e+01
7.589877721869677885e+01
3.978182513900982542e+01
5.686132194481176327e+01
5.239833511559702117e+01
3.800571888885879446e+01
4.256178813824548968e+01
3.494855361774418867e+01
5.054396433722018855e+01
3.834136458344909215e+01
3.635380808210616266e+01
2.080131436941762146e+01
9.371931545036012778e+01
4.013315410784417736e+01
4.339403971929525028e+01
6.536996242903101972e+01
5.436351783820586547e+01
5.722778317188235064e+01
5.436351783820586547e+01
4.349211996691153104e+01
5.637230686324429030e+01
5.294000199851016930e+01
5.633327833873763524e+01
5.008384094207956139e+01
7.539556948197198949e+01
4.010200252965377388e+01
3.121142817933543157e+01
4.073857826058482345e+01
4.671516796834173846e+01
5.872599889290050612e+01
5.436351783820586547e+01
6.902523434440085737e+01
5.843691785165188435e+01
4.425361682692458487e+01
2.618990994256873250e+01
6.229996432372283977e+01
4.779094975023651415e+01
5.932812092638056356e+01
4.575640162019234936e+01
2.760610351503467896e+01
5.879672947910773217e+01
6.225513083082316257e+01
3.879797127619242758e+01
3.570166343249410090e+01
3.738716067512293506e+01
4.658027897687628638e+01
4.387464855590702939e+01
1.129511541396819396e+01
4.301907298061476581e+01
3.507577457151977285e+01
4.445895365713838032e+01
5.316734227099328081e+01
7.618451817364355350e+01
5.864630315749824518e+01
5.079908321846456687e+01
4.097616244744205005e+01
6.697430570059530908e+01
7.601369564657606759e+01
3.161510169343201682e+01
7.975150789901876180e+01
5.674802192332880679e+01
5.325373591807169760e+01
3.176632819368975191e+01
6.667167387984947879e+01
3.160093390570661143e+01
3.330104290085890284e+01
2.988826544617833036e+01
4.167967332452808904e+01
3.610204627253828136e+01
3.062320981736609582e+01
3.563184557227187099e+01
5.589881941601437632e+01
3.436732688059521479e+01
2.513346938825811350e+01
7.752951070607215911e+01
6.393958155918332409e+01
2.654715318347588138e+01
4.950818419389800340e+01
2.379046874866592987e+01
2.263841216869037254e+01
3.481804916327668309e+01
4.596208827731007318e+01
4.296829853980331393e+01
2.729610298531415680e+00
1.328373014487647907e+01
3.355699892216686209e+01
1.098450546534037287e+01
1.654788970093209954e+01
2.974410332223185449e+01
2.746720906824823061e+01
5.106897618187927890e+01
4.142334446319494390e+01
2.653691456193663711e+01
5.893592801457991470e+01
2.778157341508917710e+01
2.382287855491323114e+01
6.768506153615669518e+01
3.424576106136522924e+01
3.364092966147750019e+01
1.100044193324913167e+01
2.870696477297958182e+01
4.772460957518629243e+01
3.170177536866944479e+01
2.761286824230623438e+01
5.276017330606372013e+01
1.536086999821791466e+01
6.169268491202572591e+01
3.791948374644798037e+01
1.612347743206107609e+01
6.354535729131353605e+01
3.251610000654481070e+01
1.210640468947282855e+01
4.886501009072877366e+01
2.819385355414566163e+01
5.510013772185531877e+01
3.359212420455321535e+01
1.974362163327874953e+01
3.846367938261851549e+01
1.278590409624305124e+01
2.772434902454810413e+01
3.015547299295668893e+01
3.192161770061407111e+01
4.222479655367192208e+01
5.346883939415127429e+01
5.456696673120124785e+01
5.135936670975121388e+01
6.059635257506036510e+01
2.606549139224732059e+01
1.958787731474796345e+01
3.862528836750135497e+01
3.692020632647307110e+01
3.085958252642222988e+01
1.672176811465177337e+01
1.462570631850536529e+01
3.558812586409270295e+01
3.168404361691557369e+01
2.696073865454928509e+01
1.744093691604698648e+01
2.643091041288931109e+01
3.591808316150489588e+01
